channels:
- conda-forge
- defaults
dependencies:
- asttokens=2.4.1=pyhd8ed1ab_0
- bzip2=1.0.8=he774522_0
- ca-certificates=2023.11.17=h56e8100_0
- colorama=0.4.6=pyhd8ed1ab_0
- comm=0.1.4=pyhd8ed1ab_0
- debugpy=1.6.7=py310hd77b12b_0
- decorator=5.1.1=pyhd8ed1ab_0
- exceptiongroup=1.2.0=pyhd8ed1ab_0
- executing=2.0.1=pyhd8ed1ab_0
- importlib-metadata=6.8.0=pyha770c72_0
- importlib_metadata=6.8.0=hd8ed1ab_0
- ipykernel=6.26.0=pyha63f2e9_0
- ipython=8.18.0=pyh5737063_0
- jedi=0.19.1=pyhd8ed1ab_0
- jupyter_client=8.6.0=pyhd8ed1ab_0
- jupyter_core=5.5.0=py310h5588dad_0
- libffi=3.4.4=hd77b12b_0
- libsodium=1.0.18=h8d14728_1
- matplotlib-inline=0.1.6=pyhd8ed1ab_0
- nest-asyncio=1.5.8=pyhd8ed1ab_0
- openssl=3.0.12=h2bbff1b_0
- packaging=23.2=pyhd8ed1ab_0
- parso=0.8.3=pyhd8ed1ab_0
- pickleshare=0.7.5=py_1003
- pip=23.3.1=py310haa95532_0
- platformdirs=4.0.0=pyhd8ed1ab_0
- prompt-toolkit=3.0.41=pyha770c72_0
- prompt_toolkit=3.0.41=hd8ed1ab_0
- psutil=5.9.0=py310h2bbff1b_0
- pure_eval=0.2.2=pyhd8ed1ab_0
- pygments=2.17.2=pyhd8ed1ab_0
- python=3.10.13=he1021f5_0
- python-dateutil=2.8.2=pyhd8ed1ab_0
- python_abi=3.10=2_cp310
- pywin32=305=py310h2bbff1b_0
- pyzmq=23.2.1=py310h73ada01_0
- setuptools=68.0.0=py310haa95532_0
- six=1.16.0=pyh6c4a22f_0
- sqlite=3.41.2=h2bbff1b_0
- stack_data=0.6.2=pyhd8ed1ab_0
- tk=8.6.12=h2bbff1b_0
- tornado=6.2=py310he2412df_0
- traitlets=5.13.0=pyhd8ed1ab_0
- typing_extensions=4.8.0=pyha770c72_0
- vc=14.2=h21ff451_1
- vs2015_runtime=14.27.29016=h5e58377_2
- wcwidth=0.2.12=pyhd8ed1ab_0
- wheel=0.41.2=py310haa95532_0
- xz=5.4.2=h8cc25b3_0
- zeromq=4.3.4=h0e60522_1
- zipp=3.17.0=pyhd8ed1ab_0
- zlib=1.2.13=h8cc25b3_0
- absl-py=2.0.0
- astunparse=1.6.3
- attrs=25.1.0
- cachetools=5.3.2
- certifi=2023.11.17
- charset-normalizer=3.3.2
- cloudpickle=3.0.0
- contourpy=1.2.0
- cycler=0.12.1
- dill=0.3.9
- dm-tree=0.1.8
- et-xmlfile=2.0.0
- flatbuffers=23.5.26
- fonttools=4.45.1
- gast=0.5.4
- google-auth=2.23.4
- google-auth-oauthlib=1.1.0
- google-pasta=0.2.0
- grpcio=1.59.3
- h5py=3.10.0
- idna=3.6
- joblib=1.3.2
- keras=2.15.0
- keras-tuner=1.4.7
- kiwisolver=1.4.5
- kt-legacy=1.0.5
- libclang=16.0.6
- markdown=3.5.1
- markupsafe=2.1.3
- matplotlib=3.8.2
- ml-dtypes=0.2.0
- mpi4py=4.0.3
- numpy=1.26.2
- oauthlib=3.2.2
- openpyxl=3.1.5
- opt-einsum=3.3.0
- pandas=2.1.3
- pillow=10.1.0
- protobuf=4.23.4
- pyasn1=0.5.1
- pyasn1-modules=0.3.0
- pydot=1.4.2
- pyparsing=3.1.1
- pypng=0.20220715.0
- pytz=2023.3.post1
- pyyaml=6.0.2
- requests=2.31.0
- requests-oauthlib=1.3.1
- rsa=4.9
- scikit-learn=1.3.2
- scipy=1.11.4
- tensorboard=2.15.1
- tensorboard-data-server=0.7.2
- tensorflow=2.15.0
- tensorflow-estimator=2.15.0
- tensorflow-intel=2.15.0
- tensorflow-io-gcs-filesystem=0.31.0
- tensorflow-probability=0.23.0
- termcolor=2.3.0
- threadpoolctl=3.2.0
- tzdata=2023.3
- urllib3=2.1.0
- werkzeug=3.0.1
- wrapt=1.14.1
name: C:\Users\hmarrero\anaconda3\envs\PNN_2023
prefix: C:\Users\hmarrero\anaconda3\envs\PNN_2023
